15 0.2825520833333333 0.1025390625 0.09375 0.2001953125
19 0.64453125 0.5244140625 0.24479166666666666 0.1357421875
15 0.4466145833333333 0.2060546875 0.15885416666666666 0.134765625
15 0.15494791666666666 0.296875 0.07421875 0.07421875
19 0.2799479166666667 0.603515625 0.1171875 0.0703125
15 0.23697916666666666 0.390625 0.13411458333333334 0.0654296875
19 0.06770833333333333 0.6875 0.12109375 0.064453125
15 0.0390625 0.3935546875 0.055989583333333336 0.064453125
15 0.3229166666666667 0.3544921875 0.16015625 0.0546875
15 0.046875 0.32421875 0.09375 0.052734375
15 0.08723958333333333 0.435546875 0.0546875 0.048828125
15 0.09114583333333333 0.3671875 0.07552083333333333 0.041015625
15 0.22526041666666666 0.279296875 0.06510416666666667 0.033203125
15 0.19401041666666666 0.3076171875 0.06901041666666667 0.0322265625
15 0.14778645833333334 0.08056640625 0.11848958333333333 0.1611328125
