0 0.4266826923076923 0.4338942307692308 0.08173076923076923 0.23317307692307693
0 0.11177884615384616 0.4375 0.21394230769230768 0.23798076923076922
5 0.27884615384615385 0.4483173076923077 0.17548076923076922 0.21634615384615385
0 0.11177884615384616 0.07211538461538461 0.10576923076923077 0.14182692307692307
0 0.3137019230769231 0.12980769230769232 0.15865384615384615 0.10817307692307693
0 0.07932692307692307 0.2091346153846154 0.057692307692307696 0.06971153846153846
5 0.7788461538461539 0.08653846153846154 0.43990384615384615 0.17307692307692307
5 0.7572115384615384 0.40024038461538464 0.4110576923076923 0.31490384615384615
0 0.026442307692307692 0.6983173076923077 0.05048076923076923 0.08173076923076923
0 0.296875 0.796875 0.18028846153846154 0.09615384615384616
0 0.5625 0.7788461538461539 0.18509615384615385 0.43990384615384615