14 0.24879807692307693 0.48677884615384615 0.15865384615384615 0.10096153846153846
14 0.25721153846153844 0.6033653846153846 0.25240384615384615 0.1466346153846154
14 0.5432692307692307 0.5805288461538461 0.25721153846153844 0.19230769230769232
14 0.7127403846153846 0.6694711538461539 0.2692307692307692 0.20432692307692307
14 0.7572115384615384 0.8112980769230769 0.27884615384615385 0.19471153846153846
14 0.42908653846153844 0.7163461538461539 0.2668269230769231 0.18990384615384615
14 0.20793269230769232 0.7379807692307693 0.2403846153846154 0.17307692307692307
14 0.43149038461538464 0.8798076923076923 0.3389423076923077 0.18990384615384615
14 0.5685096153846154 0.32211538461538464 0.18509615384615385 0.11298076923076923
14 0.6334134615384616 0.39302884615384615 0.17307692307692307 0.11778846153846154
14 0.5516826923076923 0.4543269230769231 0.21875 0.11057692307692307