14 0.43509615384615385 0.4855769230769231 0.5576923076923077 0.40625
14 0.32572115384615385 0.16706730769230768 0.27163461538461536 0.25961538461538464
14 0.8701923076923077 0.375 0.0985576923076923 0.10817307692307693
14 0.7403846153846154 0.39903846153846156 0.10336538461538461 0.10336538461538461
14 0.08413461538461539 0.5745192307692307 0.16826923076923078 0.21153846153846154
14 0.06850961538461539 0.40865384615384615 0.1346153846153846 0.1658653846153846
14 0.1141826923076923 0.265625 0.19951923076923078 0.1778846153846154
14 0.09975961538461539 0.13341346153846154 0.19951923076923078 0.2668269230769231
14 0.5276442307692307 0.0673076923076923 0.36538461538461536 0.1346153846153846
14 0.9459134615384616 0.28966346153846156 0.10817307692307693 0.10817307692307693
14 0.9507211538461539 0.18870192307692307 0.0985576923076923 0.13701923076923078
14 0.8401442307692307 0.0829326923076923 0.25721153846153844 0.1658653846153846
14 0.7716346153846154 0.2439903846153846 0.19471153846153846 0.1778846153846154