14 0.30528846153846156 0.27283653846153844 0.24759615384615385 0.3269230769230769
14 0.15625 0.06490384615384616 0.3004807692307692 0.11778846153846154
14 0.09014423076923077 0.22716346153846154 0.17548076923076922 0.24519230769230768
14 0.4543269230769231 0.1045673076923077 0.25240384615384615 0.1971153846153846
14 0.640625 0.21754807692307693 0.21634615384615385 0.28846153846153844
14 0.484375 0.3161057692307692 0.15625 0.15384615384615385
14 0.5721153846153846 0.4050480769230769 0.15865384615384615 0.12259615384615384
14 0.734375 0.3798076923076923 0.1201923076923077 0.07451923076923077
14 0.7836538461538461 0.46033653846153844 0.11778846153846154 0.1346153846153846
14 0.9338942307692307 0.4206730769230769 0.13221153846153846 0.15384615384615385
14 0.8064903846153846 0.5985576923076923 0.10336538461538461 0.10576923076923077
14 0.6742788461538461 0.5120192307692307 0.16826923076923078 0.12740384615384615
14 0.5516826923076923 0.5612980769230769 0.11778846153846154 0.10576923076923077
14 0.2247596153846154 0.4567307692307692 0.15865384615384615 0.12980769230769232
14 0.0985576923076923 0.47836538461538464 0.13942307692307693 0.11057692307692307
14 0.28846153846153844 0.5432692307692307 0.10817307692307693 0.09134615384615384
14 0.21153846153846154 0.5372596153846154 0.10576923076923077 0.0673076923076923
14 0.16947115384615385 0.5733173076923077 0.10096153846153846 0.09134615384615384
14 0.3401442307692308 0.6069711538461539 0.10096153846153846 0.07451923076923077
14 0.43990384615384615 0.5985576923076923 0.10096153846153846 0.055288461538461536
14 0.16947115384615385 0.6286057692307693 0.10096153846153846 0.07932692307692307
14 0.056490384615384616 0.6502403846153846 0.09375 0.08653846153846154
14 0.10817307692307693 0.7091346153846154 0.09375 0.0673076923076923
14 0.4951923076923077 0.65625 0.10096153846153846 0.07451923076923077