10 0.5588942307692307 0.21033653846153846 0.34375 0.30288461538461536
10 0.90625 0.18028846153846154 0.1875 0.19951923076923078
10 0.8882211538461539 0.3954326923076923 0.17307692307692307 0.20673076923076922
10 0.7079326923076923 0.6923076923076923 0.1346153846153846 0.19230769230769232
10 0.42908653846153844 0.6021634615384616 0.12740384615384615 0.13221153846153846
10 0.15144230769230768 0.5372596153846154 0.11298076923076923 0.15384615384615385
10 0.055288461538461536 0.3894230769230769 0.11057692307692307 0.15384615384615385
1 0.12740384615384615 0.9639423076923077 0.07451923076923077 0.06971153846153846
9 0.7175480769230769 0.8221153846153846 0.17307692307692307 0.21153846153846154
9 0.14543269230769232 0.1045673076923077 0.2548076923076923 0.19471153846153846
10 0.8473557692307693 0.8846153846153846 0.11778846153846154 0.12980769230769232
10 0.11899038461538461 0.7139423076923077 0.10096153846153846 0.1466346153846154