14 0.15865384615384615 0.18629807692307693 0.31009615384615385 0.24759615384615385
14 0.35336538461538464 0.19951923076923078 0.28125 0.2644230769230769
14 0.15625 0.3737980769230769 0.30528846153846156 0.14903846153846154
14 0.08173076923076923 0.5240384615384616 0.10817307692307693 0.17548076923076922
14 0.25600961538461536 0.48197115384615385 0.21875 0.20432692307692307
14 0.22115384615384615 0.5685096153846154 0.16346153846153846 0.10576923076923077
14 0.35697115384615385 0.5793269230769231 0.1466346153846154 0.19951923076923078
14 0.37740384615384615 0.7391826923076923 0.2956730769230769 0.19471153846153846
14 0.44471153846153844 0.3605769230769231 0.3245192307692308 0.32211538461538464
14 0.625 0.4951923076923077 0.23798076923076922 0.31490384615384615
14 0.7211538461538461 0.5817307692307693 0.1658653846153846 0.20432692307692307
14 0.7115384615384616 0.17067307692307693 0.5697115384615384 0.22596153846153846
14 0.8112980769230769 0.42427884615384615 0.37740384615384615 0.28846153846153844
14 0.9170673076923077 0.6237980769230769 0.1658653846153846 0.20673076923076922