8 0.5564903846153846 0.8882211538461539 0.06490384615384616 0.22355769230769232
8 0.27884615384615385 0.8966346153846154 0.038461538461538464 0.20673076923076922
14 0.2704326923076923 0.6887019230769231 0.23317307692307693 0.17548076923076922
14 0.25961538461538464 0.5036057692307693 0.17307692307692307 0.2668269230769231
14 0.2980769230769231 0.4170673076923077 0.13221153846153846 0.35096153846153844
14 0.5012019230769231 0.3605769230769231 0.2620192307692308 0.3701923076923077
14 0.578125 0.484375 0.38461538461538464 0.41586538461538464
14 0.5913461538461539 0.6598557692307693 0.2692307692307692 0.20673076923076922
14 0.16466346153846154 0.17427884615384615 0.2980769230769231 0.2860576923076923
14 0.06971153846153846 0.33774038461538464 0.1346153846153846 0.1778846153846154
14 0.09254807692307693 0.42788461538461536 0.15625 0.07451923076923077
14 0.04927884615384615 0.4831730769230769 0.09375 0.0673076923076923
14 0.14783653846153846 0.5084134615384616 0.10817307692307693 0.06490384615384616
14 0.04447115384615385 0.5540865384615384 0.07211538461538461 0.07932692307692307
14 0.12740384615384615 0.6069711538461539 0.07211538461538461 0.06971153846153846
14 0.8088942307692307 0.14423076923076922 0.22115384615384615 0.22115384615384615
14 0.8894230769230769 0.3016826923076923 0.18990384615384615 0.18990384615384615
14 0.8100961538461539 0.38461538461538464 0.12740384615384615 0.08173076923076923
14 0.9507211538461539 0.41346153846153844 0.0985576923076923 0.07932692307692307
14 0.8425480769230769 0.46153846153846156 0.12259615384615384 0.07692307692307693
14 0.8774038461538461 0.4951923076923077 0.09375 0.05048076923076923
14 0.7560096153846154 0.4831730769230769 0.11298076923076923 0.0985576923076923
14 0.8497596153846154 0.5745192307692307 0.0673076923076923 0.038461538461538464
14 0.9519230769230769 0.5348557692307693 0.08413461538461539 0.06971153846153846