14 0.375 0.5348557692307693 0.18509615384615385 0.1346153846153846
14 0.21514423076923078 0.7235576923076923 0.23076923076923078 0.18028846153846154
14 0.4651442307692308 0.8774038461538461 0.20432692307692307 0.18509615384615385
14 0.47475961538461536 0.7067307692307693 0.15625 0.17548076923076922
14 0.6334134615384616 0.5492788461538461 0.16826923076923078 0.14423076923076922
14 0.5528846153846154 0.45072115384615385 0.17307692307692307 0.16346153846153846
14 0.12379807692307693 0.41586538461538464 0.10096153846153846 0.055288461538461536
14 0.8365384615384616 0.7668269230769231 0.1875 0.14423076923076922
14 0.7103365384615384 0.765625 0.16826923076923078 0.14182692307692307
14 0.6286057692307693 0.8581730769230769 0.20192307692307693 0.17548076923076922
14 0.3137019230769231 0.890625 0.18028846153846154 0.1778846153846154
14 0.1622596153846154 0.9002403846153846 0.21634615384615385 0.19230769230769232