8 0.5348557692307693 0.18028846153846154 0.33653846153846156 0.3581730769230769
8 0.8665865384615384 0.3557692307692308 0.2668269230769231 0.3605769230769231
14 0.5685096153846154 0.5204326923076923 0.5552884615384616 0.3557692307692308
14 0.6682692307692307 0.8221153846153846 0.27403846153846156 0.22115384615384615
14 0.8822115384615384 0.7175480769230769 0.1778846153846154 0.13221153846153846
14 0.9350961538461539 0.5913461538461539 0.12980769230769232 0.13221153846153846
14 0.8990384615384616 0.8774038461538461 0.20192307692307693 0.24519230769230768
14 0.4831730769230769 0.9326923076923077 0.37740384615384615 0.1346153846153846
14 0.45072115384615385 0.7632211538461539 0.23557692307692307 0.15625
14 0.2536057692307692 0.7403846153846154 0.19951923076923078 0.1466346153846154
14 0.1622596153846154 0.9098557692307693 0.2548076923076923 0.18028846153846154
14 0.06370192307692307 0.7896634615384616 0.11298076923076923 0.125
14 0.05889423076923077 0.7067307692307693 0.0985576923076923 0.0889423076923077
14 0.13822115384615385 0.6213942307692307 0.10817307692307693 0.09615384615384616
14 0.2620192307692308 0.5997596153846154 0.11778846153846154 0.07932692307692307
14 0.051682692307692304 0.5829326923076923 0.10096153846153846 0.10096153846153846
14 0.109375 0.4807692307692308 0.09615384615384616 0.0625
14 0.5576923076923077 0.46274038461538464 0.10576923076923077 0.08653846153846154
14 0.6358173076923077 0.40625 0.09615384615384616 0.06490384615384616
14 0.9122596153846154 0.4387019230769231 0.0985576923076923 0.09375
14 0.8966346153846154 0.4951923076923077 0.13701923076923078 0.07211538461538461