14 0.3317307692307692 0.6286057692307693 0.0625 0.09615384615384616
14 0.6382211538461539 0.6790865384615384 0.08653846153846154 0.10096153846153846
14 0.6141826923076923 0.5673076923076923 0.0625 0.07451923076923077
14 0.4254807692307692 0.8004807692307693 0.0673076923076923 0.10096153846153846
14 0.3016826923076923 0.29447115384615385 0.036057692307692304 0.038461538461538464
14 0.08413461538461539 0.7283653846153846 0.09375 0.09134615384615384
14 0.24278846153846154 0.6634615384615384 0.07692307692307693 0.09615384615384616
14 0.26322115384615385 0.7151442307692307 0.06490384615384616 0.11298076923076923
14 0.31971153846153844 0.7848557692307693 0.06009615384615385 0.09615384615384616
14 0.5396634615384616 0.7692307692307693 0.06009615384615385 0.09134615384615384
14 0.5132211538461539 0.46153846153846156 0.026442307692307692 0.055288461538461536
14 0.1971153846153846 0.4326923076923077 0.052884615384615384 0.055288461538461536