14 0.4170673076923077 0.6790865384615384 0.2644230769230769 0.27163461538461536
14 0.7439903846153846 0.5745192307692307 0.4254807692307692 0.47836538461538464
14 0.6502403846153846 0.3870192307692308 0.21394230769230768 0.22596153846153846
14 0.5228365384615384 0.47716346153846156 0.11778846153846154 0.16826923076923078
14 0.39783653846153844 0.5072115384615384 0.12259615384615384 0.13701923076923078
14 0.29447115384615385 0.625 0.15384615384615385 0.21394230769230768
14 0.15264423076923078 0.6911057692307693 0.15144230769230768 0.18269230769230768
14 0.051682692307692304 0.7415865384615384 0.0985576923076923 0.2668269230769231
14 0.18629807692307693 0.5637019230769231 0.1346153846153846 0.10576923076923077
14 0.29086538461538464 0.4891826923076923 0.13701923076923078 0.12740384615384615
14 0.5240384615384616 0.4074519230769231 0.15625 0.12980769230769232