14 0.3317307692307692 0.7752403846153846 0.24759615384615385 0.2932692307692308
14 0.8701923076923077 0.6105769230769231 0.19951923076923078 0.16346153846153846
14 0.6899038461538461 0.5216346153846154 0.16105769230769232 0.15865384615384615
14 0.609375 0.42908653846153844 0.13221153846153846 0.1201923076923077
14 0.48197115384615385 0.546875 0.22596153846153846 0.17548076923076922
14 0.27163461538461536 0.5697115384615384 0.22596153846153846 0.11298076923076923
14 0.10697115384615384 0.5817307692307693 0.14182692307692307 0.12980769230769232
14 0.140625 0.42908653846153844 0.11057692307692307 0.07692307692307693
14 0.1971153846153846 0.47836538461538464 0.10817307692307693 0.08653846153846154
14 0.30528846153846156 0.46153846153846156 0.12259615384615384 0.08653846153846154
14 0.30408653846153844 0.3942307692307692 0.11298076923076923 0.09134615384615384
14 0.38822115384615385 0.3954326923076923 0.06490384615384616 0.04807692307692308
14 0.48677884615384615 0.34975961538461536 0.1201923076923077 0.07211538461538461
14 0.45552884615384615 0.40865384615384615 0.09615384615384616 0.0673076923076923
14 0.6862980769230769 0.3473557692307692 0.08653846153846154 0.0625
14 0.7680288461538461 0.3317307692307692 0.08173076923076923 0.09375
14 0.8701923076923077 0.4855769230769231 0.12980769230769232 0.1346153846153846
14 0.9651442307692307 0.4987980769230769 0.0673076923076923 0.08413461538461539
14 0.8942307692307693 0.3894230769230769 0.09615384615384616 0.0673076923076923
14 0.8533653846153846 0.35336538461538464 0.055288461538461536 0.036057692307692304
14 0.5637019230769231 0.28846153846153844 0.0625 0.04807692307692308
14 0.2127403846153846 0.3701923076923077 0.06971153846153846 0.0625
14 0.056490384615384616 0.45072115384615385 0.07692307692307693 0.04326923076923077