10 0.5697115384615384 0.3786057692307692 0.12259615384615384 0.125
10 0.4362980769230769 0.8028846153846154 0.3317307692307692 0.2620192307692308
10 0.09495192307692307 0.6057692307692307 0.13221153846153846 0.23317307692307693
10 0.09495192307692307 0.8209134615384616 0.18509615384615385 0.2283653846153846
10 0.9399038461538461 0.6045673076923077 0.1201923076923077 0.17548076923076922
10 0.8509615384615384 0.47475961538461536 0.09134615384615384 0.1466346153846154
10 0.890625 0.2920673076923077 0.10096153846153846 0.13942307692307693
10 0.13822115384615385 0.11057692307692307 0.11057692307692307 0.12980769230769232
9 0.2920673076923077 0.1658653846153846 0.1346153846153846 0.16826923076923078
10 0.2980769230769231 0.32572115384615385 0.14423076923076922 0.1466346153846154
1 0.875 0.04807692307692308 0.08173076923076923 0.09375
9 0.8545673076923077 0.8882211538461539 0.2644230769230769 0.22355769230769232