14 0.4014423076923077 0.14302884615384615 0.6153846153846154 0.27884615384615385
14 0.8533653846153846 0.14903846153846154 0.2932692307692308 0.28365384615384615
14 0.703125 0.2692307692307692 0.3245192307692308 0.1875
14 0.6850961538461539 0.5084134615384616 0.31009615384615385 0.3389423076923077
14 0.43149038461538464 0.4206730769230769 0.43509615384615385 0.28125
14 0.15865384615384615 0.3557692307692308 0.3125 0.2283653846153846
14 0.07451923076923077 0.17067307692307693 0.14423076923076922 0.33653846153846156
14 0.11899038461538461 0.5625 0.23317307692307693 0.2091346153846154
14 0.051682692307692304 0.6983173076923077 0.10096153846153846 0.1201923076923077
14 0.1935096153846154 0.7091346153846154 0.14903846153846154 0.07451923076923077
14 0.39783653846153844 0.6129807692307693 0.12740384615384615 0.13221153846153846
14 0.359375 0.7259615384615384 0.09375 0.13701923076923078
14 0.5396634615384616 0.6081730769230769 0.14903846153846154 0.13221153846153846
14 0.5168269230769231 0.6995192307692307 0.10817307692307693 0.055288461538461536
14 0.6682692307692307 0.7608173076923077 0.1201923076923077 0.07211538461538461
14 0.8966346153846154 0.6838942307692307 0.14903846153846154 0.07932692307692307