10 0.4338942307692308 0.19471153846153846 0.3317307692307692 0.2620192307692308
10 0.10817307692307693 0.39783653846153844 0.1466346153846154 0.22596153846153846
10 0.09134615384615384 0.1658653846153846 0.18269230769230768 0.19230769230769232
10 0.0673076923076923 0.8629807692307693 0.13221153846153846 0.20432692307692307
10 0.14783653846153846 0.8725961538461539 0.11057692307692307 0.1466346153846154
10 0.28966346153846156 0.7319711538461539 0.09615384615384616 0.23798076923076922
10 0.5709134615384616 0.6165865384615384 0.10096153846153846 0.14182692307692307
10 0.8521634615384616 0.5372596153846154 0.12259615384615384 0.15625
10 0.9447115384615384 0.39903846153846156 0.11057692307692307 0.15144230769230768
1 0.8701923076923077 0.9591346153846154 0.0673076923076923 0.08173076923076923
9 0.8485576923076923 0.10817307692307693 0.28846153846153844 0.21394230769230768
9 0.28846153846153844 0.8137019230769231 0.1778846153846154 0.22115384615384615