14 0.3473557692307692 0.6153846153846154 0.22355769230769232 0.24278846153846154
14 0.4483173076923077 0.8401442307692307 0.2403846153846154 0.21634615384615385
14 0.5637019230769231 0.6826923076923077 0.15384615384615385 0.19951923076923078
14 0.7391826923076923 0.8581730769230769 0.1658653846153846 0.23076923076923078
14 0.9170673076923077 0.921875 0.1658653846153846 0.15625
14 0.9399038461538461 0.734375 0.1201923076923077 0.22115384615384615
14 0.7620192307692307 0.49759615384615385 0.12740384615384615 0.20192307692307693
14 0.9146634615384616 0.48197115384615385 0.17067307692307693 0.20192307692307693
14 0.8605769230769231 0.3088942307692308 0.11538461538461539 0.1658653846153846
14 0.9435096153846154 0.2704326923076923 0.11298076923076923 0.17067307692307693
14 0.22355769230769232 0.8966346153846154 0.34134615384615385 0.20673076923076922
14 0.10576923076923077 0.7211538461538461 0.18990384615384615 0.17548076923076922
14 0.07091346153846154 0.53125 0.1346153846153846 0.24759615384615385
14 0.046875 0.29927884615384615 0.08653846153846154 0.15625
14 0.0889423076923077 0.10576923076923077 0.16346153846153846 0.12740384615384615
8 0.47475961538461536 0.49278846153846156 0.16346153846153846 0.13942307692307693
8 0.6274038461538461 0.8473557692307693 0.11298076923076923 0.22115384615384615